NODE
1|2.236675|48.895726|
2|2.236491|48.895879|
3|2.236197|48.895853|
4|2.235119|48.895612|
5|2.234984|48.895677|
6|2.234733|48.896003|
7|2.236230|48.896451|
8|2.237480|48.896820|
9|2.237977|48.896951|
10|2.237790|48.894670|
11|2.237760|48.894762|
12|2.237669|48.894861|
13|2.237387|48.895184|
14|2.237683|48.895400|
15|2.237542|48.895633|
16|2.237464|48.895696|
17|2.237289|48.895856|
18|2.236886|48.895684|
19|2.237817|48.894398|
20|2.238347|48.893850|
21|2.237585|48.894440|
22|2.236913|48.894476|
23|2.236307|48.894752|
24|2.235519|48.894492|
25|2.236214|48.893771|
26|2.235796|48.893252|
27|2.238133|48.893517|
28|2.237606|48.893132|
29|2.237128|48.892776|
30|2.235513|48.893169|
31|2.234777|48.892467|
32|2.234651|48.892328|
33|2.233951|48.892594|
34|2.233772|48.893023|
35|2.231823|48.893660|
36|2.231625|48.893702|
37|2.230478|48.894038|
38|2.229612|48.894386|
39|2.228755|48.894629|
40|2.227779|48.894511|
41|2.236783|48.892371|
42|2.237808|48.891975|
43|2.239621|48.890959|
44|2.239874|48.891304|
45|2.238313|48.892289|
46|2.240249|48.891592|
47|2.241315|48.891267|
48|2.241905|48.891403|
49|2.241973|48.891636|
50|2.242266|48.892026|
51|2.242091|48.892219|
52|2.242437|48.892702|
53|2.242881|48.892563|
54|2.242664|48.891895|
55|2.242793|48.892073|
56|2.242914|48.892126|
57|2.243486|48.891945|
58|2.242566|48.892904|
59|2.241322|48.893354|
60|2.241240|48.893706|
61|2.240349|48.893955|
62|2.240194|48.891727|
63|2.240496|48.891688|
64|2.240682|48.892085|
65|2.239388|48.893536|
66|2.240404|48.890688|
67|2.240300|48.890509|
68|2.241313|48.890236|
69|2.240823|48.889303|
70|2.242833|48.889998|
71|2.243064|48.889991|
72|2.243335|48.889903|
73|2.242547|48.890036|
74|2.242391|48.889493|
75|2.241456|48.889493|
76|2.240584|48.888344|
77|2.240196|48.887817|
78|2.243475|48.889808|
79|2.243937|48.890434|
80|2.245289|48.889230|
81|2.245643|48.889735|
82|2.245631|48.889987|
83|2.245911|48.890014|
84|2.247018|48.891452|
85|2.246811|48.891519|
86|2.247021|48.891719|
87|2.247615|48.892263|
88|2.248593|48.892014|
89|2.247514|48.892911|
90|2.247957|48.891446|
91|2.246056|48.889018|
92|2.246302|48.889253|
93|2.247611|48.888837|
94|2.247606|48.888756|
95|2.247856|48.888639|
96|2.247810|48.888503|
97|2.248702|48.888140|
98|2.249023|48.888054|
99|2.249210|48.888234|
100|2.249413|48.888276|
101|2.249851|48.888558|
102|2.250605|48.888303|
103|2.251050|48.888313|
104|2.251639|48.888204|
105|2.249165|48.888723|
106|2.247937|48.888983|
107|2.249388|48.889076|
108|2.249057|48.889246|
109|2.250151|48.890042|
110|2.247956|48.889736|
111|2.249480|48.888617|
112|2.246169|48.890346|
113|2.245848|48.890462|
114|2.245815|48.890656|
115|2.245381|48.890842|
116|2.245607|48.891219|
117|2.232361|48.892238|
118|2.231639|48.892112|
119|2.231404|48.891936|
120|2.231163|48.891405|
121|2.231963|48.892304|
122|2.231199|48.892880|
123|2.231111|48.893050|
124|2.230795|48.893209|
125|2.230691|48.893492|
126|2.230848|48.893617|
127|2.231321|48.893453|
128|2.231714|48.893333|
129|2.230813|48.892637|
130|2.230937|48.892426|
131|2.230243|48.892283|
132|2.229998|48.891785|
ROAD
1001|3|2|262.333697|82.333476|21.671321|1|3.000000|2|
1002|2|1|321.738665|141.738527|21.709525|1|3.000000|2|
1003|1|10|327.588172|147.587381|143.041632|1|3.000000|0|
1004|10|11|191.198986|11.198958|13.851777|1|2.000000|0|
1005|11|12|148.739082|328.739151|12.904030|1|3.000000|2|
1006|12|13|150.144703|330.144915|41.309316|1|3.000000|0|
1007|13|14|221.980831|41.980608|32.339676|1|2.000000|0|
1008|14|15|158.238223|338.238329|27.920443|1|2.000000|0|
1009|15|16|140.963686|320.963745|9.018738|1|3.000000|2|
1010|16|17|144.148192|324.148324|21.867614|1|2.000000|0|
1011|17|18|57.058703|237.059007|35.069378|1|1.000000|0|
1012|3|4|71.227655|251.228467|83.240176|1|3.000000|0|
1013|4|5|125.960920|305.961021|12.156507|1|2.000000|0|
1014|5|6|153.133858|333.134047|40.635522|1|3.000000|0|
1015|6|7|245.528033|65.526904|120.252243|1|3.000000|0|
1016|7|8|245.812847|65.811906|100.115221|1|3.000000|2|
1017|8|9|248.150249|68.149874|39.198490|1|2.000000|0|
1018|10|21|24.400820|204.400924|24.420268|1|2.000000|0|
1019|10|19|345.784719|165.784649|27.805048|1|2.000000|0|
1020|21|22|94.590995|274.591502|49.313976|1|3.000000|0|
1021|19|20|327.540188|147.539788|72.191300|1|3.000000|0|
1022|20|27|22.868813|202.868974|40.162591|1|3.000000|2|
1023|27|28|42.005828|222.006225|57.582128|1|2.000000|0|
1024|28|29|41.430967|221.431328|52.887008|1|3.000000|0|
1025|29|26|118.547195|298.548199|110.848193|1|3.000000|0|
1026|26|30|65.851635|245.851848|22.641301|1|2.000000|0|
1027|26|25|207.946502|27.946186|65.252782|1|3.000000|2|
1028|25|24|147.668368|327.668892|94.946828|1|3.000000|0|
1029|24|23|243.355829|63.355235|64.418004|1|3.000000|0|
1030|22|23|124.727044|304.727500|53.911907|1|3.000000|0|
1031|22|25|33.098377|213.098904|93.590281|1|3.000000|0|
1032|30|31|34.593983|214.594538|94.770409|1|3.000000|0|
1033|31|32|30.774247|210.774342|17.989156|1|3.000000|2|
1034|32|33|119.976105|299.976632|59.086722|1|2.000000|0|
1035|33|34|164.662842|344.662977|49.475753|1|3.000000|0|
1036|34|35|116.447548|296.449017|159.181646|1|3.000000|0|
1037|35|36|107.881612|287.881761|15.209737|1|3.000000|2|
1038|36|37|114.026706|294.027570|91.759118|1|3.000000|0|
1039|37|38|121.401485|301.402138|74.224332|1|3.000000|0|
1040|38|39|113.337941|293.338587|68.177834|1|3.000000|0|
1041|39|40|79.584820|259.585556|72.582586|1|2.000000|0|
1042|29|41|29.251729|209.251989|51.616011|1|7.001000|0|
